GT
277.935200452 257.98764665 10
317.9059922174892 259.5159809159497 0.0382176593465 27 8
302.57051785857624 289.5011538538964 0.907290143599 27 8
237.98717131275353 260.0260204880493 3.09061122616 27 8
267.1475263526325 219.46977952960768 4.43931596802 27 8
370.76866731859053 269.47946102285596 0.747552291761 27 8
339.65427665429115 328.6369099236848 2.44766517602 27 8
184.83526547741116 268.84522753189384 2.94535322901 27 8
255.5543347289356 166.75988083002295 1.62007315771 27 8
CIRCLES
277.935200452 257.98764665 10
450.30855339 416.062182401 11.7726212205
166.684216196 210.925533572 8.71035492231
-11.226580686 204.212383519 11.9482752428
250.728233852 406.458604614 8.07107647378
471.560883269 441.655147995 12.9271180151
282.471193413 376.623540577 8.39611195794
511.463764118 355.391820255 9.34727300246
329.594994477 127.102807213 5.80064312743
258.629214221 288.392919188 11.321972968
498.922109181 334.299135381 11.1346152484
203.152073745 96.7342658187 8.79539750238
240.562651316 369.614106387 9.86486812919
49.7908500643 487.595115538 7.24454717408
-3.39354016897 253.864515321 8.57866933918
335.121691951 492.245443382 8.83859536116
RECTS
317.9059922174892 259.5159809159497 0.0382176593465 27 8
302.57051785857624 289.5011538538964 0.907290143599 27 8
237.98717131275353 260.0260204880493 3.09061122616 27 8
267.1475263526325 219.46977952960768 4.43931596802 27 8
370.76866731859053 269.47946102285596 0.747552291761 27 8
339.65427665429115 328.6369099236848 2.44766517602 27 8
184.83526547741116 268.84522753189384 2.94535322901 27 8
255.5543347289356 166.75988083002295 1.62007315771 27 8
7.12627734462 348.751432276 0.0353044445509 30.8161657584 8.77376257471
93.6273543299 168.439236972 1.82511925688 32.5139992015 8.7008174024
160.912216428 92.6180993271 2.34724324345 35.8478783898 6.79148282829
176.563777211 380.543963714 0.890990678895 27.2381155015 8.22518952617
142.143947224 180.614611886 2.68859949315 33.3708427528 4.55499340618
428.370639651 447.183388273 0.924396729843 25.867174761 12.0289577772
162.280863408 283.988351434 0.956319043272 12.8670831727 7.46933140271
209.175187353 128.551762158 1.90694289631 28.9126669911 7.42868397244
412.831868817 95.943075894 1.45778907534 23.3598484151 8.19400231222
90.8268783289 445.821485072 1.43658110379 24.058360953 10.1009183632
104.499548569 328.137810592 2.15977006238 24.9051342376 6.49318469721
370.57789445 451.105618832 2.63295469691 14.646498456 4.28257857098
453.793445765 127.13889912 0.209351826931 35.8753497703 10.2236576308
273.553307392 12.774058274 0.964390851242 16.1753430837 6.08630733211
468.528434014 325.387249044 2.57059294781 30.2155340557 9.8443192084
372.079855802 38.5140910899 1.92896045982 24.296759738 7.97836645243
445.79205632 -7.62046489549 2.23075006629 22.8726618648 7.51474292182
348.674625504 6.6504738454 2.21587479782 30.1365626328 6.2910591455
242.80071199 497.552567159 2.8671364471 29.6714716632 10.1066687919
222.197734524 212.227127825 1.75089741378 25.2994698766 2.49396223825
332.148297452 40.8116484858 0.160554595258 23.7795909361 9.32194385026
109.799582685 494.241711493 2.00017103221 25.8343996082 5.53163992805
-9.95922470372 278.570082057 2.73731258288 29.0970085913 8.71371770904
366.229166995 288.46306148 0.0548963727537 18.8807138116 3.17189321959
218.597282624 186.894920202 0.301095080419 30.4488978936 8.66799879046
89.7829179656 361.802237644 2.57041932192 27.3910760011 6.54525774151
128.593786234 8.83789875475 1.75967486456 31.1594667702 7.46950358826
34.0314064439 176.240171218 1.89363255768 23.7977383592 9.28888101896
371.641580272 91.1650133866 2.23796733065 18.524298023 8.26662026918
87.7244182987 93.6517140547 2.24373957492 28.4827250894 7.41078160293
163.340754828 488.267814002 2.05137565695 32.5965352631 6.75007167365
461.478728379 274.679792359 2.21540981927 21.7878489368 8.16521436795
207.010387813 379.801291145 1.55573084647 21.2209967892 10.2933054259
48.7478835273 12.0486550383 2.77680052413 26.1435585147 5.05666740053
14.6618514768 94.1885705497 1.4538634037 22.2380547375 9.09972626988
508.092210508 487.669487911 0.296919300271 24.9194463829 7.63906139084
124.374010985 295.069877403 2.90349583313 28.1457221832 9.40441772971
42.1430945688 123.862528421 0.776097376327 21.0426254732 10.0261531941
140.547647194 132.582679257 0.334369665521 32.855266324 6.76550204582
411.964868532 146.868740745 1.14766550761 18.4616460908 8.06054621776
89.4428205702 295.199386319 0.93337654326 15.9653618826 10.5372864145
35.8050759891 262.587509802 0.877537381543 29.1652866936 6.80212467169
44.0275396303 402.11285022 1.85518174065 17.3167024528 10.2248114795
448.783458187 102.367445566 2.54249903691 18.6545013229 5.6212056545
132.738259665 242.691298479 3.07990422721 29.7079684623 6.83190601275
322.591767734 372.351396665 1.34966439566 28.0299172021 6.57742532485
319.296881257 457.226903622 1.74540033278 26.2403651459 10.4462556779
172.132395714 41.7053860301 1.82308614836 33.9869937051 6.4101680045
298.617470862 180.131980996 2.15780225151 28.9863088479 4.36645708151
210.732653351 453.776748945 0.63777421368 21.4020473039 5.35126813647
283.615394341 44.8115892492 0.423590275138 27.3969260944 8.00634651201
142.664932346 323.930478158 2.90656721722 28.895370278 5.69506639321
400.492937373 324.637883835 0.894112830434 27.9955368875 8.1007841815
510.317321289 191.639191275 0.94002570127 25.6364769581 4.88797518274
311.290979688 124.086199243 2.23909081712 28.4583704282 9.75022177486
175.838922068 163.105421785 0.375235922512 28.9472410069 4.87687725891
318.017728684 409.47336747 2.38659657686 27.3530582722 4.86524949576
100.815802343 403.251597036 0.992945517345 23.2469473884 8.8638486399
293.759582637 479.573841132 1.74610892346 28.7915242919 6.36625929505
81.2355415753 58.3388398952 2.16416182319 29.1128660849 10.6867913746
209.899750667 45.8748260655 0.120289931988 27.340095101 3.34050031493
370.387813258 392.119441386 2.74402588104 23.678935537 6.1116438484
364.07590653 115.965678071 0.737875782388 25.2056138112 8.52536243476
489.478530419 148.174569822 3.0975591053 29.9451231748 5.7800185167
6.06483693213 37.822664737 1.01473647505 31.1511669862 6.15227897753
406.260540792 45.6235431218 0.389121697234 34.8251285653 3.59826132758
496.857629112 10.2047678894 2.91152080608 17.2048248361 8.42536431519
42.562621936 33.3176316265 2.75399289173 23.2980278016 9.62789268092
221.348692042 16.1366316621 1.60015728873 29.9124710339 8.59156347583
251.143961213 448.925136045 1.19452784811 24.1367266318 10.272854675
131.461386682 409.07917751 1.89163534855 29.7423986303 10.4731497525
111.464738381 451.460552004 1.74055273995 26.6456841308 11.7485626015
408.840033929 204.761014187 0.0504780361897 22.5302855254 11.2927969043
260.881144133 93.234164423 0.539254367953 23.0921920133 8.0832305908
326.798438666 208.852431573 0.420325479135 20.517449695 5.90775081047
24.0881284803 159.232094151 2.32423712213 29.0775804006 6.17819624642
31.3885138646 210.210584305 1.5448227739 18.4422540099 5.78429000921
398.389469611 373.968845887 2.48897489589 20.5967342666 6.14693348905
0.508186192813 383.616788259 0.82331633606 29.2905473257 8.47722016189
93.0860239305 208.515117822 2.38748328179 23.273767645 7.79561805331
187.476574462 318.451227751 1.90958443294 22.522431301 10.6647174821
50.7343942555 293.016882278 0.375493609785 27.3574460491 11.0509660028
445.017990427 367.039070654 1.22670097465 27.0739120186 6.94328812122
451.219743782 165.501448799 0.429647976356 22.0984886326 7.26163550704
132.818538431 74.2804787451 1.07541268705 22.6832600968 12.5179399945
502.97157051 264.390088108 2.74846876966 31.2578362176 9.85703012013
391.072492438 484.70009225 0.0601799568037 32.3413619945 9.30637211121
261.655456429 46.6872172092 1.24566590779 24.8250354754 9.26541048674
457.256708647 42.9284545714 1.08171663001 19.9427635805 12.670288915
-8.03587269016 423.207600012 0.0265443758588 32.5656722553 10.0695791412
343.751813136 158.499916361 0.675112053753 25.9854824736 8.42656301002
449.738053892 218.690386387 2.80501035628 39.3814430259 10.3198971175
86.0755302137 -7.1410180088 3.05431634914 29.4885471105 2.00531506168
501.98022457 92.7843644782 2.27999976332 20.465235411 8.12017491677
207.320700287 333.828188925 1.82954884149 25.6242164456 12.2097157175
473.45504747 485.79210292 1.6775373265 32.0255484724 8.48018718014
11.0212492512 508.207891543 1.52908296051 32.0125521618 9.70389638092
170.67160023 424.42875696 1.08678358695 27.202899816 8.93524551989
58.4049378213 459.677764567 1.29770598019 29.1952279922 5.67664812508
134.515051765 368.633052748 2.59002180418 24.7999192212 4.39010731474
240.251054671 336.93697313 0.0136535108111 22.624860354 3.92680946146
367.091727643 197.223446083 2.89801140607 19.1870584742 8.01066163398
48.654729027 331.20419645 2.65174825075 25.9073568352 7.23352942644
18.487632813 473.920968813 2.80178771121 22.4876925544 6.14481083253
410.956635557 298.534888726 1.46759266276 25.0193297538 7.80784357792
287.566198952 322.230103811 1.71918423764 26.8845360185 6.55150474987
374.658876004 172.683626725 0.543486876464 21.3982058126 10.0558781159
